# h2: n_qubits=2 n_terms=6
h2 2 0 0 0.00000000000000000e0 0.00000000000000000e0
h2 2 0 1 -2.22044604925031308e-16 -2.22044604925031308e-16
h2 2 0 2 -2.77555756156289135e-17 -2.77555756156289135e-17
h2 2 0 3 2.77555756156289135e-17 2.77555756156289135e-17
h2 2 1 0 -2.22044604925031308e-16 -2.22044604925031308e-16
h2 2 1 1 -1.83020000000000005e0 0.00000000000000000e0
h2 2 1 2 1.81999999999999829e-1 -2.22044604925031308e-16
h2 2 1 3 -1.11022302462515654e-16 -1.11022302462515654e-16
h2 2 2 0 -2.77555756156289135e-17 -2.77555756156289135e-17
h2 2 2 1 1.81999999999999829e-1 -2.22044604925031308e-16
h2 2 2 2 -2.73799999999999988e-1 0.00000000000000000e0
h2 2 2 3 0.00000000000000000e0 0.00000000000000000e0
h2 2 3 0 2.77555756156289135e-17 2.77555756156289135e-17
h2 2 3 1 -1.11022302462515654e-16 -1.11022302462515654e-16
h2 2 3 2 0.00000000000000000e0 0.00000000000000000e0
h2 2 3 3 1.82399999999999951e-1 0.00000000000000000e0
# lih: n_qubits=4 n_terms=27
lih 4 0 0 -6.79244556948981160e0 0.00000000000000000e0
lih 4 0 1 -1.77635683940025046e-15 -1.77635683940025046e-15
lih 4 0 2 -1.77635683940025046e-15 -1.77635683940025046e-15
lih 4 0 3 -1.77635683940025046e-15 -1.77635683940025046e-15
lih 4 0 4 -1.77635683940025046e-15 -1.77635683940025046e-15
lih 4 0 5 -1.77635683940025046e-15 -1.77635683940025046e-15
lih 4 0 6 -1.77635683940025046e-15 -1.77635683940025046e-15
lih 4 0 7 -1.77635683940025046e-15 -1.77635683940025046e-15
lih 4 0 8 -1.77635683940025046e-15 -1.77635683940025046e-15
lih 4 0 9 -1.77635683940025046e-15 -1.77635683940025046e-15
lih 4 0 10 -1.77635683940025046e-15 -1.77635683940025046e-15
lih 4 0 11 -1.77635683940025046e-15 -1.77635683940025046e-15
lih 4 0 12 -1.77635683940025046e-15 -1.77635683940025046e-15
lih 4 0 13 -1.77635683940025046e-15 -1.77635683940025046e-15
lih 4 0 14 -1.77635683940025046e-15 -1.77635683940025046e-15
lih 4 0 15 -1.77635683940025046e-15 -1.77635683940025046e-15
lih 4 1 0 -1.77635683940025046e-15 -1.77635683940025046e-15
lih 4 1 1 -7.57332334230992732e0 0.00000000000000000e0
lih 4 1 2 -1.77635683940025046e-15 -1.77635683940025046e-15
lih 4 1 3 -8.88178419700125232e-16 -8.88178419700125232e-16
lih 4 1 4 4.76791525751290024e-2 -1.77635683940025046e-15
lih 4 1 5 -1.77635683940025046e-15 -1.77635683940025046e-15
lih 4 1 6 -1.77635683940025046e-15 -1.77635683940025046e-15
lih 4 1 7 -1.77635683940025046e-15 -1.77635683940025046e-15
lih 4 1 8 -1.77635683940025046e-15 -1.77635683940025046e-15
lih 4 1 9 -1.77635683940025046e-15 -1.77635683940025046e-15
lih 4 1 10 -1.77635683940025046e-15 -1.77635683940025046e-15
lih 4 1 11 -1.77635683940025046e-15 -1.77635683940025046e-15
lih 4 1 12 -8.88178419700125232e-16 -8.88178419700125232e-16
lih 4 1 13 -1.77635683940025046e-15 -1.77635683940025046e-15
lih 4 1 14 -1.77635683940025046e-15 -1.77635683940025046e-15
lih 4 1 15 -8.88178419700125232e-16 -8.88178419700125232e-16
lih 4 2 0 -1.77635683940025046e-15 -1.77635683940025046e-15
lih 4 2 1 -1.77635683940025046e-15 -1.77635683940025046e-15
lih 4 2 2 -7.57332334230992732e0 0.00000000000000000e0
lih 4 2 3 -8.88178419700125232e-16 -8.88178419700125232e-16
lih 4 2 4 -1.77635683940025046e-15 -1.77635683940025046e-15
lih 4 2 5 -1.77635683940025046e-15 -1.77635683940025046e-15
lih 4 2 6 -1.77635683940025046e-15 -1.77635683940025046e-15
lih 4 2 7 -1.77635683940025046e-15 -1.77635683940025046e-15
lih 4 2 8 4.76791525751290024e-2 -1.77635683940025046e-15
lih 4 2 9 -1.77635683940025046e-15 -1.77635683940025046e-15
lih 4 2 10 -1.77635683940025046e-15 -1.77635683940025046e-15
lih 4 2 11 -1.77635683940025046e-15 -1.77635683940025046e-15
lih 4 2 12 -8.88178419700125232e-16 -8.88178419700125232e-16
lih 4 2 13 -1.77635683940025046e-15 -1.77635683940025046e-15
lih 4 2 14 -1.77635683940025046e-15 -1.77635683940025046e-15
lih 4 2 15 -8.88178419700125232e-16 -8.88178419700125232e-16
lih 4 3 0 -1.77635683940025046e-15 -1.77635683940025046e-15
lih 4 3 1 -8.88178419700125232e-16 -8.88178419700125232e-16
lih 4 3 2 -8.88178419700125232e-16 -8.88178419700125232e-16
lih 4 3 3 -7.86313368869443430e0 0.00000000000000000e0
lih 4 3 4 -8.88178419700125232e-16 -8.88178419700125232e-16
lih 4 3 5 -1.77635683940025046e-15 -1.77635683940025046e-15
lih 4 3 6 -7.68278329843496977e-9 -1.77635683940025046e-15
lih 4 3 7 -8.88178419700125232e-16 -8.88178419700125232e-16
lih 4 3 8 -8.88178419700125232e-16 -8.88178419700125232e-16
lih 4 3 9 7.68277885754287126e-9 -1.77635683940025046e-15
lih 4 3 10 -1.77635683940025046e-15 -1.77635683940025046e-15
lih 4 3 11 -1.77635683940025046e-15 -1.77635683940025046e-15
lih 4 3 12 1.25450573142735777e-2 -1.77635683940025046e-15
lih 4 3 13 -1.77635683940025046e-15 -1.77635683940025046e-15
lih 4 3 14 -1.77635683940025046e-15 -1.77635683940025046e-15
lih 4 3 15 -1.77635683940025046e-15 -1.77635683940025046e-15
lih 4 4 0 -1.77635683940025046e-15 -1.77635683940025046e-15
lih 4 4 1 4.76791525751290024e-2 -1.77635683940025046e-15
lih 4 4 2 -1.77635683940025046e-15 -1.77635683940025046e-15
lih 4 4 3 -8.88178419700125232e-16 -8.88178419700125232e-16
lih 4 4 4 -7.15162965183205390e0 0.00000000000000000e0
lih 4 4 5 -1.77635683940025046e-15 -1.77635683940025046e-15
lih 4 4 6 -1.77635683940025046e-15 -1.77635683940025046e-15
lih 4 4 7 -1.77635683940025046e-15 -1.77635683940025046e-15
lih 4 4 8 -1.77635683940025046e-15 -1.77635683940025046e-15
lih 4 4 9 -1.77635683940025046e-15 -1.77635683940025046e-15
lih 4 4 10 -1.77635683940025046e-15 -1.77635683940025046e-15
lih 4 4 11 -1.77635683940025046e-15 -1.77635683940025046e-15
lih 4 4 12 -8.88178419700125232e-16 -8.88178419700125232e-16
lih 4 4 13 -1.77635683940025046e-15 -1.77635683940025046e-15
lih 4 4 14 -1.77635683940025046e-15 -1.77635683940025046e-15
lih 4 4 15 -8.88178419700125232e-16 -8.88178419700125232e-16
lih 4 5 0 -1.77635683940025046e-15 -1.77635683940025046e-15
lih 4 5 1 -1.77635683940025046e-15 -1.77635683940025046e-15
lih 4 5 2 -1.77635683940025046e-15 -1.77635683940025046e-15
lih 4 5 3 -1.77635683940025046e-15 -1.77635683940025046e-15
lih 4 5 4 -1.77635683940025046e-15 -1.77635683940025046e-15
lih 4 5 5 -7.71985500847239070e0 0.00000000000000000e0
lih 4 5 6 -1.77635683940025046e-15 -1.77635683940025046e-15
lih 4 5 7 -1.77635683940025046e-15 -1.77635683940025046e-15
lih 4 5 8 -1.77635683940025046e-15 -1.77635683940025046e-15
lih 4 5 9 -1.77635683940025046e-15 -1.77635683940025046e-15
lih 4 5 10 -1.77635683940025046e-15 -1.77635683940025046e-15
lih 4 5 11 -1.77635683940025046e-15 -1.77635683940025046e-15
lih 4 5 12 -1.77635683940025046e-15 -1.77635683940025046e-15
lih 4 5 13 -1.77635683940025046e-15 -1.77635683940025046e-15
lih 4 5 14 -1.77635683940025046e-15 -1.77635683940025046e-15
lih 4 5 15 -1.77635683940025046e-15 -1.77635683940025046e-15
lih 4 6 0 -1.77635683940025046e-15 -1.77635683940025046e-15
lih 4 6 1 -1.77635683940025046e-15 -1.77635683940025046e-15
lih 4 6 2 -1.77635683940025046e-15 -1.77635683940025046e-15
lih 4 6 3 -7.68278329843496977e-9 -1.77635683940025046e-15
lih 4 6 4 -1.77635683940025046e-15 -1.77635683940025046e-15
lih 4 6 5 -1.77635683940025046e-15 -1.77635683940025046e-15
lih 4 6 6 -7.70730995115811535e0 0.00000000000000000e0
lih 4 6 7 -1.77635683940025046e-15 -1.77635683940025046e-15
lih 4 6 8 -1.77635683940025046e-15 -1.77635683940025046e-15
lih 4 6 9 -1.25450573142771304e-2 -1.77635683940025046e-15
lih 4 6 10 -1.77635683940025046e-15 -1.77635683940025046e-15
lih 4 6 11 -1.77635683940025046e-15 -1.77635683940025046e-15
lih 4 6 12 -5.44505175358231952e-2 -1.77635683940025046e-15
lih 4 6 13 -1.77635683940025046e-15 -1.77635683940025046e-15
lih 4 6 14 -1.77635683940025046e-15 -1.77635683940025046e-15
lih 4 6 15 -2.66453525910037570e-15 -2.66453525910037570e-15
lih 4 7 0 -1.77635683940025046e-15 -1.77635683940025046e-15
lih 4 7 1 -1.77635683940025046e-15 -1.77635683940025046e-15
lih 4 7 2 -1.77635683940025046e-15 -1.77635683940025046e-15
lih 4 7 3 -8.88178419700125232e-16 -8.88178419700125232e-16
lih 4 7 4 -1.77635683940025046e-15 -1.77635683940025046e-15
lih 4 7 5 -1.77635683940025046e-15 -1.77635683940025046e-15
lih 4 7 6 -1.77635683940025046e-15 -1.77635683940025046e-15
lih 4 7 7 -7.78446788136284429e0 0.00000000000000000e0
lih 4 7 8 -1.77635683940025046e-15 -1.77635683940025046e-15
lih 4 7 9 -1.77635683940025046e-15 -1.77635683940025046e-15
lih 4 7 10 -1.77635683940025046e-15 -1.77635683940025046e-15
lih 4 7 11 -1.77635683940025046e-15 -1.77635683940025046e-15
lih 4 7 12 -8.88178419700125232e-16 -8.88178419700125232e-16
lih 4 7 13 -6.77137264347305035e-3 -1.77635683940025046e-15
lih 4 7 14 -1.77635683940025046e-15 -1.77635683940025046e-15
lih 4 7 15 -1.77635683940025046e-15 -1.77635683940025046e-15
lih 4 8 0 -1.77635683940025046e-15 -1.77635683940025046e-15
lih 4 8 1 -1.77635683940025046e-15 -1.77635683940025046e-15
lih 4 8 2 4.76791525751290024e-2 -1.77635683940025046e-15
lih 4 8 3 -8.88178419700125232e-16 -8.88178419700125232e-16
lih 4 8 4 -1.77635683940025046e-15 -1.77635683940025046e-15
lih 4 8 5 -1.77635683940025046e-15 -1.77635683940025046e-15
lih 4 8 6 -1.77635683940025046e-15 -1.77635683940025046e-15
lih 4 8 7 -1.77635683940025046e-15 -1.77635683940025046e-15
lih 4 8 8 -7.15162965183205390e0 0.00000000000000000e0
lih 4 8 9 -1.77635683940025046e-15 -1.77635683940025046e-15
lih 4 8 10 -1.77635683940025046e-15 -1.77635683940025046e-15
lih 4 8 11 -1.77635683940025046e-15 -1.77635683940025046e-15
lih 4 8 12 -8.88178419700125232e-16 -8.88178419700125232e-16
lih 4 8 13 -1.77635683940025046e-15 -1.77635683940025046e-15
lih 4 8 14 -1.77635683940025046e-15 -1.77635683940025046e-15
lih 4 8 15 -8.88178419700125232e-16 -8.88178419700125232e-16
lih 4 9 0 -1.77635683940025046e-15 -1.77635683940025046e-15
lih 4 9 1 -1.77635683940025046e-15 -1.77635683940025046e-15
lih 4 9 2 -1.77635683940025046e-15 -1.77635683940025046e-15
lih 4 9 3 7.68277885754287126e-9 -1.77635683940025046e-15
lih 4 9 4 -1.77635683940025046e-15 -1.77635683940025046e-15
lih 4 9 5 -1.77635683940025046e-15 -1.77635683940025046e-15
lih 4 9 6 -1.25450573142771304e-2 -1.77635683940025046e-15
lih 4 9 7 -1.77635683940025046e-15 -1.77635683940025046e-15
lih 4 9 8 -1.77635683940025046e-15 -1.77635683940025046e-15
lih 4 9 9 -7.70730995115811535e0 0.00000000000000000e0
lih 4 9 10 -1.77635683940025046e-15 -1.77635683940025046e-15
lih 4 9 11 -1.77635683940025046e-15 -1.77635683940025046e-15
lih 4 9 12 5.44505175358187543e-2 -1.77635683940025046e-15
lih 4 9 13 -1.77635683940025046e-15 -1.77635683940025046e-15
lih 4 9 14 -1.77635683940025046e-15 -1.77635683940025046e-15
lih 4 9 15 -2.66453525910037570e-15 -2.66453525910037570e-15
lih 4 10 0 -1.77635683940025046e-15 -1.77635683940025046e-15
lih 4 10 1 -1.77635683940025046e-15 -1.77635683940025046e-15
lih 4 10 2 -1.77635683940025046e-15 -1.77635683940025046e-15
lih 4 10 3 -1.77635683940025046e-15 -1.77635683940025046e-15
lih 4 10 4 -1.77635683940025046e-15 -1.77635683940025046e-15
lih 4 10 5 -1.77635683940025046e-15 -1.77635683940025046e-15
lih 4 10 6 -1.77635683940025046e-15 -1.77635683940025046e-15
lih 4 10 7 -1.77635683940025046e-15 -1.77635683940025046e-15
lih 4 10 8 -1.77635683940025046e-15 -1.77635683940025046e-15
lih 4 10 9 -1.77635683940025046e-15 -1.77635683940025046e-15
lih 4 10 10 -7.71985500847239070e0 0.00000000000000000e0
lih 4 10 11 -1.77635683940025046e-15 -1.77635683940025046e-15
lih 4 10 12 -1.77635683940025046e-15 -1.77635683940025046e-15
lih 4 10 13 -1.77635683940025046e-15 -1.77635683940025046e-15
lih 4 10 14 -1.77635683940025046e-15 -1.77635683940025046e-15
lih 4 10 15 -1.77635683940025046e-15 -1.77635683940025046e-15
lih 4 11 0 -1.77635683940025046e-15 -1.77635683940025046e-15
lih 4 11 1 -1.77635683940025046e-15 -1.77635683940025046e-15
lih 4 11 2 -1.77635683940025046e-15 -1.77635683940025046e-15
lih 4 11 3 -1.77635683940025046e-15 -1.77635683940025046e-15
lih 4 11 4 -1.77635683940025046e-15 -1.77635683940025046e-15
lih 4 11 5 -1.77635683940025046e-15 -1.77635683940025046e-15
lih 4 11 6 -1.77635683940025046e-15 -1.77635683940025046e-15
lih 4 11 7 -1.77635683940025046e-15 -1.77635683940025046e-15
lih 4 11 8 -1.77635683940025046e-15 -1.77635683940025046e-15
lih 4 11 9 -1.77635683940025046e-15 -1.77635683940025046e-15
lih 4 11 10 -1.77635683940025046e-15 -1.77635683940025046e-15
lih 4 11 11 -7.78446788136284429e0 0.00000000000000000e0
lih 4 11 12 -8.88178419700125232e-16 -8.88178419700125232e-16
lih 4 11 13 -1.77635683940025046e-15 -1.77635683940025046e-15
lih 4 11 14 -6.77137264347305035e-3 -1.77635683940025046e-15
lih 4 11 15 -1.77635683940025046e-15 -1.77635683940025046e-15
lih 4 12 0 -1.77635683940025046e-15 -1.77635683940025046e-15
lih 4 12 1 -8.88178419700125232e-16 -8.88178419700125232e-16
lih 4 12 2 -8.88178419700125232e-16 -8.88178419700125232e-16
lih 4 12 3 1.25450573142735777e-2 -1.77635683940025046e-15
lih 4 12 4 -8.88178419700125232e-16 -8.88178419700125232e-16
lih 4 12 5 -1.77635683940025046e-15 -1.77635683940025046e-15
lih 4 12 6 -5.44505175358231952e-2 -1.77635683940025046e-15
lih 4 12 7 -8.88178419700125232e-16 -8.88178419700125232e-16
lih 4 12 8 -8.88178419700125232e-16 -8.88178419700125232e-16
lih 4 12 9 5.44505175358187543e-2 -1.77635683940025046e-15
lih 4 12 10 -1.77635683940025046e-15 -1.77635683940025046e-15
lih 4 12 11 -8.88178419700125232e-16 -8.88178419700125232e-16
lih 4 12 12 -7.17239552298703309e0 0.00000000000000000e0
lih 4 12 13 -1.77635683940025046e-15 -1.77635683940025046e-15
lih 4 12 14 -1.77635683940025046e-15 -1.77635683940025046e-15
lih 4 12 15 -1.77635683940025046e-15 -1.77635683940025046e-15
lih 4 13 0 -1.77635683940025046e-15 -1.77635683940025046e-15
lih 4 13 1 -1.77635683940025046e-15 -1.77635683940025046e-15
lih 4 13 2 -1.77635683940025046e-15 -1.77635683940025046e-15
lih 4 13 3 -1.77635683940025046e-15 -1.77635683940025046e-15
lih 4 13 4 -1.77635683940025046e-15 -1.77635683940025046e-15
lih 4 13 5 -1.77635683940025046e-15 -1.77635683940025046e-15
lih 4 13 6 -1.77635683940025046e-15 -1.77635683940025046e-15
lih 4 13 7 -6.77137264347305035e-3 -1.77635683940025046e-15
lih 4 13 8 -1.77635683940025046e-15 -1.77635683940025046e-15
lih 4 13 9 -1.77635683940025046e-15 -1.77635683940025046e-15
lih 4 13 10 -1.77635683940025046e-15 -1.77635683940025046e-15
lih 4 13 11 -1.77635683940025046e-15 -1.77635683940025046e-15
lih 4 13 12 -1.77635683940025046e-15 -1.77635683940025046e-15
lih 4 13 13 -7.51542340613331650e0 0.00000000000000000e0
lih 4 13 14 -1.77635683940025046e-15 -1.77635683940025046e-15
lih 4 13 15 -1.77635683940025046e-15 -1.77635683940025046e-15
lih 4 14 0 -1.77635683940025046e-15 -1.77635683940025046e-15
lih 4 14 1 -1.77635683940025046e-15 -1.77635683940025046e-15
lih 4 14 2 -1.77635683940025046e-15 -1.77635683940025046e-15
lih 4 14 3 -1.77635683940025046e-15 -1.77635683940025046e-15
lih 4 14 4 -1.77635683940025046e-15 -1.77635683940025046e-15
lih 4 14 5 -1.77635683940025046e-15 -1.77635683940025046e-15
lih 4 14 6 -1.77635683940025046e-15 -1.77635683940025046e-15
lih 4 14 7 -1.77635683940025046e-15 -1.77635683940025046e-15
lih 4 14 8 -1.77635683940025046e-15 -1.77635683940025046e-15
lih 4 14 9 -1.77635683940025046e-15 -1.77635683940025046e-15
lih 4 14 10 -1.77635683940025046e-15 -1.77635683940025046e-15
lih 4 14 11 -6.77137264347305035e-3 -1.77635683940025046e-15
lih 4 14 12 -1.77635683940025046e-15 -1.77635683940025046e-15
lih 4 14 13 -1.77635683940025046e-15 -1.77635683940025046e-15
lih 4 14 14 -7.51542340613331650e0 0.00000000000000000e0
lih 4 14 15 -1.77635683940025046e-15 -1.77635683940025046e-15
lih 4 15 0 -1.77635683940025046e-15 -1.77635683940025046e-15
lih 4 15 1 -8.88178419700125232e-16 -8.88178419700125232e-16
lih 4 15 2 -8.88178419700125232e-16 -8.88178419700125232e-16
lih 4 15 3 -1.77635683940025046e-15 -1.77635683940025046e-15
lih 4 15 4 -8.88178419700125232e-16 -8.88178419700125232e-16
lih 4 15 5 -1.77635683940025046e-15 -1.77635683940025046e-15
lih 4 15 6 -2.66453525910037570e-15 -2.66453525910037570e-15
lih 4 15 7 -1.77635683940025046e-15 -1.77635683940025046e-15
lih 4 15 8 -8.88178419700125232e-16 -8.88178419700125232e-16
lih 4 15 9 -2.66453525910037570e-15 -2.66453525910037570e-15
lih 4 15 10 -1.77635683940025046e-15 -1.77635683940025046e-15
lih 4 15 11 -1.77635683940025046e-15 -1.77635683940025046e-15
lih 4 15 12 -1.77635683940025046e-15 -1.77635683940025046e-15
lih 4 15 13 -1.77635683940025046e-15 -1.77635683940025046e-15
lih 4 15 14 -1.77635683940025046e-15 -1.77635683940025046e-15
lih 4 15 15 -7.36738386284399205e0 0.00000000000000000e0
